0 0.025240384615384616 0.07451923076923077 0.05048076923076923 0.0673076923076923
0 0.578125 0.2932692307692308 0.055288461538461536 0.10096153846153846
0 0.1814903846153846 0.45552884615384615 0.06490384615384616 0.08413461538461539
0 0.39783653846153844 0.44350961538461536 0.10336538461538461 0.11298076923076923
0 0.3173076923076923 0.3870192307692308 0.019230769230769232 0.057692307692307696
0 0.7824519230769231 0.3112980769230769 0.18028846153846154 0.21875
0 0.8954326923076923 0.328125 0.09375 0.24759615384615385
0 0.3954326923076923 0.5528846153846154 0.11298076923076923 0.04807692307692308
0 0.45913461538461536 0.8257211538461539 0.12980769230769232 0.24278846153846154
0 0.9122596153846154 0.5492788461538461 0.17067307692307693 0.040865384615384616
0 0.9423076923076923 0.6622596153846154 0.09134615384615384 0.11298076923076923
0 0.7151442307692307 0.8882211538461539 0.0985576923076923 0.09375
0 0.6454326923076923 0.84375 0.07451923076923077 0.09134615384615384