0 0.4987980769230769 0.10817307692307693 0.09375 0.12980769230769232
0 0.07932692307692307 0.47475961538461536 0.15865384615384615 0.10817307692307693
0 0.9675480769230769 0.05048076923076923 0.06009615384615385 0.10096153846153846
0 0.6887019230769231 0.0829326923076923 0.0889423076923077 0.03125
0 0.7463942307692307 0.17067307692307693 0.19471153846153846 0.13942307692307693
0 0.921875 0.18629807692307693 0.1466346153846154 0.17067307692307693
0 0.828125 0.5504807692307693 0.17548076923076922 0.21153846153846154
0 0.9471153846153846 0.5552884615384616 0.10096153846153846 0.20192307692307693
0 0.0625 0.7487980769230769 0.04807692307692308 0.06971153846153846
0 0.7680288461538461 0.8822115384615384 0.10336538461538461 0.09134615384615384
0 0.9158653846153846 0.8701923076923077 0.16346153846153846 0.09134615384615384